33
33
26
33
26
33
45
26
63
33
21
26
26
None
33
14
26
26
45
26
33
26
26
52
47
45
33
26
40
None
40
33
45
40
7
33
33
7
33
26
33
26
33
33
None
59
33
21
26
63
26
26
33
7
33
33
26
52
26
26
33
26
26
14
33
45
33
45
40
26
26
None
21
26
26
26
14
26
45
33
45
26
26
None
35
63
26
33
33
33
40
52
33
45
28
40
14
33
28
14
40
26
26
33
28
26
26
None
33
33
33
26
33
47
33
26
28
26
33
40
14
21
45
26
14
26
33
26
26
40
40
33
26
52
33
26
21
26
None
26
33
26
26
26
33
26
26
14
63
26
21
None
21
52
7
7
26
7
7
26
40
40
33
40
26
33
26
26
28
28
26
33
63
26
42
26
45
28
26
None
33
26
26
26
26
40
26
None
52
52
33
45
26
45
26
45
33
40
7
26