20
242087717748176320 646564160680614593 43916
509248129053174195 136216184601628282 11517
152304040755015700 710993565302670365 29837
12749385024485145 584567545966007955 63586
711654480359882842 31942986937851610 38760
785013542355541974 35328189853334824 98019
992807088897006891 235393206520961981 19740
163493858138774333 981031739391808307 92081
213891182943590518 652021710630741908 75191
95914280829112369 795508990979396201 27877
204193858683868929 932419892436296499 57947
847191133710207251 751104745675344188 1358
521059121645949756 513584434815057810 77338
981513096017403228 792934829236983580 42400
648132578016079877 606358800552043477 93753
190595719317002581 258309261764619424 55791
575697799842485769 179900134898586784 94655
198931690161911889 119435717444689377 21008
41365344169844423 49259872477378803 86506
634094765101460558 275441753837470060 95777