No connection
[60, 112, 209, 58, 85]
[185, 188, 83, 218, 27, 9, 106, 212]
[187, 81, 25, 20, 153, 141, 191]
No connection
[19, 144, 89, 246, 58, 27, 9, 8, 136, 52]
No connection
[132, 95, 160, 247, 249, 123, 101, 139], [132, 95, 163, 211, 249, 123, 101, 139]
[25, 20, 153, 141, 53, 102, 146], [25, 20, 153, 206, 121, 39, 146], [25, 20, 244, 28, 69, 102, 146], [25, 246, 40, 156, 225, 39, 146], [25, 246, 58, 27, 9, 102, 146]
[100, 144, 89, 246]
[14, 32, 142, 128, 70, 235]
[123, 249, 142, 246, 25, 20, 244], [123, 249, 211, 227, 140, 20, 244]
[93, 64, 229, 211, 134, 170, 187]
[1, 38, 25, 20, 153, 141, 186, 10]
[197, 128, 70, 235]
No connection
[59, 27, 58, 163, 211, 249, 123, 101], [59, 27, 58, 229, 211, 249, 123, 101], [59, 27, 58, 246, 142, 249, 123, 101]
No connection
No connection
[101, 123, 105, 232]
[79, 90, 77, 142, 110, 56, 165]
[132, 95, 163, 58, 229, 64, 245], [132, 95, 163, 211, 229, 64, 245]
No connection
[128, 142, 246, 58, 229, 64, 175], [128, 142, 249, 211, 229, 64, 175], [128, 197, 190, 232, 93, 64, 175]
[86, 55, 247, 159]
[182, 88, 76, 157, 48, 202]
[63, 36, 76, 40, 156, 225, 61, 189, 221]
[122, 74, 95, 141, 53, 102, 9, 8, 136], [122, 74, 95, 163, 58, 27, 9, 8, 136]
[16, 177, 146, 102]
No connection
[59, 27, 58, 163, 190, 232, 105]
[40, 76, 157, 48, 202], [40, 246, 248, 48, 202]
[104, 76, 40, 156, 225, 66, 62, 183, 120], [104, 76, 40, 246, 142, 77, 62, 183, 120]
[62, 77, 90, 79, 228, 73, 92]
[171, 76, 157, 48, 72, 222], [171, 178, 248, 48, 72, 222]
No connection
[69, 102, 146, 39, 152, 201, 126]
No connection
[69, 71, 163, 211, 134, 109]
No connection