116928304010376
55523551406028
829726320961
81990754973064
80892950360368
69556203839920
119612196077556
291788708504
80424622981362
8383759784
101559035962180
42080119279718
30333714894080
89311286763040
56240094973713
249530684331
29113122789302
100904475393105
97802803050043
95403867965748
105520022970360
91954007963745
106200077166650
128845048461960
56710355672404
67975357256742
99094904966064
888709651886
104831360689824
74753019391174
66556669510114
83963850940350
69252130997820
85332802551106
86551132032270
11431161
55307570000265
73608174395592
9232026090
58005921066494
1333990447944
51503574351723
91158875935712
108619086598440
78251573695524
83886017708672
166274399454
82206756024159
1978756791228
79502236595280
95055575293239
40923068966
19462616070667
85497730664545
58978950
105028814632604
113313981965255
113913747418900
103556092584807
33828492
65019270267932
70199827800078
62543893479
114573289742730
72139791202368
53183027596671
70758595998144
7038368633
61853498688800
102306949565472
80933789140344
31711535095694
71746370743808
38323442653608
57145705866458
21733824
76177616518297
79606671095312
161858449863
68889022238226
101302625919168
90402121259940
97204430483782
98042312737536
90184595880024
13336175383128
78944476068260
60474200675944
234266126112
18987008485500
60516103911184
25665108690550
181553510754
64667529309952
31078919009089
77859070436376
29238962263283
62246070445160
833597325704
87792947861367
81474866819294
14734552671231
63143900803200
24446584901200
11287989648
81325465533767
93377451549803
91160159147356
44863204
95377498385424
61848006079776
107977960000000
22400490746040
102642860008320
86965258161299
65100000875889
189585504160
60301829570715
97032350925180
128593921421812
119930269440
113069433304044
54209086446894
135874713260
47259303560928
9474448914
827255134423
14837661955072
86134674032364
9809420985
81590174105888
69880297610178
81839499175005
301708662948
62770352674601
82891144646508
112191488780850
134006098275
74432434609907
82992557697225
57510272238874
78640131799032
75721668609216
66111497841792
25498532936240
70305790483453
117078380535