315.68466
2.71828
634.71828
-577.20558
-1000
9245.21464
9246.96464
634.06828
-15.54791
0.43671
-769.00512
29.02263
-284.19
-12333.6056
-47.54701
137.03885
-10073.46207
791.9495
-559.72475
-513.45181
557
1027.58302
533.08887
463.71159
52.95195
2331.1
-398.75508
-1398.23659
213.38479
159.06023
-1357.83456
-633.2
993.04797
560
14094.31828
114.80918
-1872.19434
893.01802
2792.62025
303.96
-2232.64196
-1.52683
-387.84248
-15.54791
0.78796
-331.85841
1581.2
1.53665
-30.27346
599.75159
9900.79706
-0.43232
-431.85841
5780.64831
0.00146
15493.8
1811.73424
3.7
915.57669
-864.16851
386.86084
-1235.18
0.78796
736.35828
106.68504
369.33152
-1000
9246.96464
563.53
-388
-1.52683
-0.59354
21.78848
97.90635
-1112.99
9245.21464
-578.09828
1655.26811
243.97159
-143.91283
2.99874
29.02263
-25.08565
293.28
-190.16829
-443.25828
-1352.38828
1
35.27828
0.43671
580.01
0.00084
-1154.66425
-1771.82631
41.05675
-283.13733
196.10368
1285.24426
-158.55159
1294.54804
-501.38159
458.17159
4275.49431
-881.8699
0.23514
-207.71
-30.25632
-330.37
-838.75851
-614.15295
0.78796
5.96982
-531.26682
-7.55562
2.62571
1127.06
-420.01605
9245.21464
9246.96464
1820.89115
-0.00428
-1811.06
0.14377
389.86
-797.1509
331.82726
-1000
1309.8182
434.14159
-0.95032
0.43671
-1689.85426
971.71
29.02263
2550.95261
980.45816
284.89973
-317.14738
309.52
-1899.05744
8851.28372
-1462.78696
-130.0862
349.45
1.25432
-0.005
-1.52683
-0.96476
-4.03077
-0.15241
-0.47014
180.75
1033.14159
-476.75604
-810.41433
9245.21464
0.80145
-285.10657
-1000
-5633.67
-1057.31
9246.96464
1086.22172
-1056.49752
29.02263
-1400.57268
10.19587
612.85841
629.71681
7.38906
0.72335
1252.87607
-0.16851
2089.15911
2476.35475
-664.6815
775.28669
1772.31975
67.66247
596.72
647.47828
152.63487
470.57697
22.12572
0.78796
1663.58848
-5
0.43671
0.2734
433.63159
146.66
328.24188
-1.52683
282.81159
829.08454
-690.92916
0.00041
-334.86172
-578.22841
-866.8
1474.00724
0.67877
590.82022
-697.43357
-8156.86
2.81651
-213.64
106.46828
1194.61548
2548.1458
728.32828
-551.83
577.95445
-18909.00748
1486
-1000
-2699.7229
163.27143
191.00503
2844.81246
1325.29
0.00002
-211.81986
-949.53841
351.62821
975.12441
-469.32142
-1287.36
29.02263
-1225.69041
-1172.36528
-7.71795
-1.9137
-484.99633
773.84
567.48
-309.49921
288.35202
1079.94455
-0.24457
756.08841
-0.00457
9246.96464
-1.52683
172.43009
-132.46946
0.43671
0.78796
1.50552
2344.26
9245.21464
0.00381
-137.30302
29.02263
194.89895
-850.64
-1000
9246.96464
1608.50456
391
587.85841
1319.02399
0.78796
-1189.93
301.33004
8650.89
369.44159
-27.25614
172.22828
3.05811
74.64
680.13843
-208.28172
744.55746
-1890.52581
-4188.77
805
-567.53543
940.92526
326.41148
-683.08001
0.43671
1045.50821
-9447.39067
97.32154
-1619.57153
347.13675
9245.21464
744.80305
3934.43639
4.50803
5.43656
0
-157.20172
825.04
-590.68
-1.52683
243.38906
1408.4
194.9761
16.5
0.78796
409.67615
2770.90824
29.02263
-726
-513.72449
677.66
29.88165
-1.37899
9246.96464
1.07448
533.20468
-874.29392
-607.57
-35.14485
16538.82412
-0.0039
-7.12309
-386.06987
730.65
45.65768
5.4
-1000
408.49769
-252.95
94.49785
-616.8954
268.39537
0.78796
455.42159
-0.26709
-93.58612
-3006.50417
872.32416
0.05585
-347.2541
1617.55743
-768.48098
0.43671
-0.01201
-121
2544.69005
-1055.49267
472.40256
-1.52683
5.43893
1478.45805
-206.96
0.01478
-523.8713
9245.21464
-554.83265
-8034.38095
-444.4419
-1000
474.85841
938.28
-771.46841
0.86975
0.97185
-702.03273
-1.91614
843.92551
-4346.28971
1311.04384
1045.49657
-1.52683
2206.3706
2.49939
1707.57828
-876.38391
3942.38508
0.43671
721.07
-415.83105
-1227.62982
1871.61859
177.7
162.35
55.41041
721.78017
486.93891
904.10247
-1644.77764
-0.00124
-761.11891
128.12
9245.21464
-0.35965
-2394.04
-996.92874
0.78796
710.57581
405.80505
29.02263
356.13
-87.94584
9246.96464
-1110.72899
657.38427
1260.96
29.02263
2125.69507
-919.96172
2345.87722
16.29019
-1728.98533
1.05079
584
1122.42839
1937.69
514.31091
-1000
-0.01267
895.7
-426.0315
270.85987
-2427.67407
-719.52
5.79308
666.87
-79.16967
-1963.87071
-957.40072
-1048.44013
-86.41146
-1479.85987
-2998.19722
0.00385
-1.52683
-272.15495
-215.794
-546.70172
2.72162
588
5.51158
0.78796
1062.96828
23.20622
0.43671
9245.21464
669.71828
-141.73687
-299.28172
-678.40896
9246.96464
867.49828
2288.99066
644.03656
-0.01147
-260.39687
289.78159
111.39491
0.43671
285.84233
1012.02
-1768.01347
414.02244
441.00366
435.71408
29.02263
-442.87
276.33757
5.97468
-7.2791
-1.52683
150.18573
-358.86639
6.44096
-785.34366
-240.82362
-2.90462
749.14159
-547.06172
1810.61871
222.9
-334.66
349.29
446.93765
0.78796
76.94047
9246.96464
-834.5
143.11987
466.08298
-238
-136.64817
-334.65841
-323.47554
-1000
415.62027
-393.13599
0
-119.03253
11.2468
9245.21464
1108.02841
474.29828
-1350.14274
-1.96999
1197.76599
-1766.8088
9245.21464
-731.05344
-682.43418
255.07
-312.13217
-3121.45504
-729.24
-512.23
34.34028
-6354.58825
17796.2805
-899.84615
-1688.52329
466.0059
2700.04181
29.02263
-433.73787
-787.12846
0.07269
0.43671
-1000
3.64788
-1630.8678
5.85987
1445.17253
-311.29751
-55.85154
9246.96464
1328.13
0.78796
2597.38577
-197.71
1.27208
1396.40051
30.06319
786.93159
-1.52683
117
-53.42783
-114.17043
0.06023
1732.12295
428.94201
840.39167
26.38224
910.25956
-75.44524
0.8259
0.00624
-687.54681
-0.006
0.43671
9.87493
0.68021
408.49
9246.96464
221.3956
551.61159
-357.09
120
-423.69172
9245.21464
-709.49828
1613
-1.52683
0.14745
-325.40552
999.23828
2519.89
-208.32841
-128.47712
-0.06856
-1032.27114
-1000
-917.49836
833.58882
684.14832
281.93172
15.79828
254.76676
556.15
6.28319
1074.14159
-7.71857
2.71789
2100.29828
-910
-7.81514
1855.98315
0.78796
2.19591
1339.80888
1588
-1351.54
29.02263
0.89767
295.85841
129.22796
2021.50297
532.20957
1370.51303
-2.45433
191.65
805.102
-1302
587.71828
-352.67177
566.29644
524.49139
171.13992
1.80513
191.27542
854.24849
564.43079
9246.96464
-6.67632
1096.27341
812.55031
9245.21464
-1589.99723
0.78796
-865.13135
-2048.42865
91.53904
-394.14
-795.74348
51.28172
-1000
-0.82688
2774.02631
-928.79
-0.00572
0.43671
5.47651
3.14724
-213.43262
1341.2
1.32147
-1703.11011
10.84801
172.03
-941.72653
-327.81841
0.06741
-598.53464
400.55
138.11
29.02263
-1.52683