(413,2491,7207), 115452
(64,514,535,555,686), 4103
(351,950,2627), 84149
(78,337,903,981), 1741
(245,621,736,793), 6681
(363,595,697,830), 8200
(6,53,748,834), 4409
(173,442,730,995), 8882
(130,313,528,534,723), 3022
(148,198,377,699,978), 1553
(61,192,249,277,313), 1108
(206,228,239,692), 5748
(272,349,476,904), 8108
(8,236,357,471), 3510
(165,381,428,559,694), 2373
(7,210,419,489), 2070
(107,262,280,433,725), 2258
(62,102,224,897), 4210
(64,96,107,615,760), 4523
(93,5985), 198735
(209,238,360,517,868), 3756
(197,8170), 155862
(847,3797,5452), 111114
(41,365,383,437,593), 2284
(176,260,341,725), 3884
(2,4,8), 8
(33,526,646,807,964), 4498
(416,549,552,866,974), 8185
(390,665,704,803), 8629
(315,455,500,804), 7851
(426,2565,9173), 111994
(84,143,322,582,821), 2527
(23,537,816,851,901), 3865
(6,9,20), 44
(2,5), 12
(264,446,539,786,967), 3325
(283,813,839,957), 8604
(185,493,563,795), 4697
(1904,3174,6131), 194969
(178,345,347,468), 3674