3 5 6 14 15 8 24 19 38 30 55 28 59 20 65 22 68 23 69 26 78 28 84 30 91 26 93 27 106 17 109 28 117 29 118 20 122 24 135 0 136 24 138 29 149 27 161 22 163 18 164 19 166 27 179 30 191 27 192 29 196 20 208 13 209 21 219 0
3 15 4 0 6 12 14 8 15 18 20 8 21 24 22 27 32 21 36 17 38 18 43 4 44 24 45 28 48 29 61 25 63 14 64 20 66 24 72 30 86 23 88 10 89 22 91 24 106 23 110 28 113 30 127 27 133 23 134 29 135 22 139 20 143 29 158 20 160 13 161 28 167 4 168 25 180 22 182 30 193 27 203 19 211 9 213 11 217 21 218 11 226 0
2 12 11 21 13 25 24 23 28 27 36 19 40 21 41 10 42 29 48 0 50 14 52 24 64 16 72 27 86 29 88 8 89 28 101 25 104 29 111 25 113 22 117 12 119 0 121 27 124 0 126 5 127 0 130 6 131 0 134 7 135 15 136 16 140 8 142 25 143 26 152 25 154 16 162 28 166 29 187 28 193 23 194 6 195 11 197 16 201 22 215 15 227 6 229 0
1 25 19 14 20 11 23 30 29 11 32 9 33 3 34 5 40 1 41 18 44 28 46 29 47 30 51 21 53 25 65 11 67 18 68 25 80 30 81 25 82 24 83 27 87 26 97 22 99 30 108 9 109 25 111 30 121 23 125 0 126 3 128 26 132 3 136 9 139 4 140 21 142 23 147 29 149 23 151 25 161 24 167 22 177 23 180 26 190 29 194 30 202 20 207 26 211 23 217 0 220 20 223 0
1 23 10 2 12 24 19 25 30 8 35 21 36 8 38 7 39 13 40 19 44 25 59 15 61 22 63 30 72 26 78 10 79 21 87 25 92 19 97 14 107 23 121 26 130 15 132 26 137 27 138 30 155 29 159 14 161 23 165 27 178 25 179 17 183 20 187 28 190 23 199 15 208 0 211 20 218 0
3 25 9 0 11 24 19 25 27 28 40 19 45 25 46 16 47 6 49 29 58 12 65 11 66 20 69 30 80 15 83 27 97 21 100 28 123 22 128 25 135 23 139 27 146 23 147 15 149 26 156 29 169 19 170 22 173 28 177 27 182 28 187 30 190 28 197 16 202 2 207 0
2 26 11 25 12 0 13 7 15 23 27 0 28 27 36 18 38 26 39 18 43 25 49 21 51 27 54 21 56 24 60 25 61 28 71 25 77 24 79 21 84 27 88 29 92 30 107 24 108 1 109 16 113 25 125 21 130 10 132 19 139 20 142 22 147 30 162 26 172 23 174 29 176 23 181 22 184 18 195 16 202 23 209 25 219 8 222 0
3 21 9 0 17 27 25 28 26 27 29 12 31 20 39 27 43 17 44 29 53 28 55 12 58 7 62 23 68 22 73 26 83 14 89 24 92 20 94 13 97 18 101 28 116 17 118 0 119 3 121 21 125 27 132 3 133 5 135 15 137 22 140 5 142 27 146 23 156 13 157 0 158 15 170 11 171 29 176 28 181 27 184 18 185 17 186 11 187 12 191 9 192 16 198 19 204 12 206 14 214 0
1 11 6 27 11 11 12 13 14 25 18 28 19 30 25 26 32 14 33 20 39 30 47 15 50 25 54 15 57 19 59 26 63 28 66 29 73 22 77 15 86 10 87 28 92 23 95 26 98 27 100 30 104 27 106 26 108 8 116 15 121 20 126 29 136 24 143 18 146 22 149 28 152 22 153 20 158 28 160 29 161 30 174 14 175 2 176 30 182 8 185 28 188 29 191 30 200 17 202 29 212 0
2 23 11 7 12 19 17 0 21 27 31 17 33 30 40 22 42 30 49 27 59 26 66 28 81 12 82 22 86 28 96 30 108 17 109 18 112 26 123 17 126 24 127 16 129 27 146 18 148 24 156 25 169 13 177 9 178 26 186 29 198 23 202 13 204 20 209 18 217 0
3 13 6 17 20 26 32 18 38 22 40 29 55 28 61 21 63 30 77 20 82 17 83 14 86 20 88 23 92 20 95 25 102 27 103 25 107 12 108 15 116 28 124 17 125 30 134 29 146 30 156 16 157 20 165 21 168 20 170 10 171 25 179 26 180 25 183 26 184 25 185 30 195 22 196 26 206 0
2 24 9 20 19 30 33 26 38 29 49 22 51 27 52 22 53 7 54 30 66 24 73 23 77 12 83 30 84 17 85 12 87 0 91 30 94 17 101 24 106 27 110 21 111 17 114 25 115 30 123 29 131 19 144 6 147 9 150 29 164 20 172 14 175 28 191 27 192 19 195 23 200 11 203 0
2 6 5 26 13 21 23 13 24 19 25 13 26 0 27 21 35 14 36 18 40 20 41 14 49 17 51 24 52 27 60 13 64 29 75 23 78 14 79 22 81 30 86 22 88 15 89 26 90 30 100 8 101 29 113 16 117 8 118 17 120 22 122 25 137 17 138 29 150 18 155 11 156 7 159 25 165 30 173 19 177 20 179 21 183 20 185 17 186 1 187 21 195 26 205 19 213 8 223 0
3 30 5 0 6 29 12 0 14 1 15 18 20 25 31 18 34 26 36 18 38 16 39 23 41 14 42 28 49 14 55 30 59 17 60 25 66 24 68 0 70 21 77 29 83 23 86 7 90 25 92 7 93 11 94 17 99 22 119 29 126 30 132 29 137 28 140 25 143 23 152 6 157 21 158 6 160 17 162 30 167 17 173 7 181 19 189 3 190 18 202 27 207 13 210 17 213 21 217 17 218 0
1 18 7 21 15 26 18 22 23 14 24 24 33 21 36 29 45 12 53 14 56 12 58 10 61 28 68 18 69 25 71 29 84 27 96 23 99 21 107 12 111 28 117 29 130 27 139 24 140 29 153 10 155 12 156 28 157 21 161 12 162 15 163 30 165 23 169 27 183 2 187 27 196 25 204 0
2 26 14 18 17 24 31 16 34 17 36 28 37 25 42 17 44 16 45 12 51 28 55 30 65 23 69 13 71 24 75 28 77 24 79 26 92 25 93 18 98 17 99 8 101 0 103 30 114 28 115 0 116 26 120 28 130 27 134 25 138 27 141 25 150 13 157 1 158 30 163 27 165 30 177 26 183 23 185 22 187 4 191 0
2 14 5 21 18 0 19 1 20 21 22 28 33 24 45 20 48 22 49 28 52 26 60 30 63 26 66 30 77 24 78 13 79 14 80 29 83 14 87 26 94 11 95 13 103 16 107 30 123 28 125 18 127 21 132 23 141 25 143 26 147 25 151 28 162 5 166 0 169 30 175 19 176 24 191 26 198 27 211 23 221 0
3 29 9 27 11 11 13 15 19 20 28 28 30 30 42 18 45 19 46 22 48 18 49 19 50 18 51 29 61 23 67 22 69 21 72 28 82 14 83 27 87 14 93 22 100 21 104 28 106 22 109 25 120 11 124 6 127 0 130 15 131 0 135 11 138 16 139 23 140 26 146 28 155 22 156 21 158 24 159 21 164 29 168 23 197 8 200 10 202 23 212 17 219 0
2 29 5 8 10 18 15 16 22 20 25 24 28 30 36 28 37 25 47 0 48 10 54 26 64 27 72 10 76 26 82 27 91 25 101 24 111 30 127 17 130 12 135 19 136 20 138 19 139 28 142 29 154 24 158 20 162 26 170 20 171 11 180 16 190 15 192 14 195 17 196 20 210 19 218 5 220 0
3 12 5 25 9 22 13 0 14 25 18 7 25 9 27 23 28 9 29 12 30 9 32 26 33 9 35 2 36 26 49 10 50 28 56 27 57 20 65 14 66 16 68 22 72 28 86 24 89 23 90 28 100 21 106 27 120 23 121 15 122 18 128 26 143 25 149 27 150 29 151 25 154 30 156 28 169 13 170 12 172 24 175 21 186 18 187 28 188 24 195 6 197 30 212 0
1 14 10 21 14 13 26 25 44 30 62 28 69 24 77 22 79 15 82 30 95 0 97 11 98 13 108 16 111 27 119 24 125 30 127 24 128 25 133 29 139 28 142 25 144 27 155 29 161 12 167 16 168 24 183 21 186 25 192 21 194 22 199 25 202 30 217 0
3 20 5 0 9 25 22 14 29 21 40 22 44 0 45 30 62 26 70 0 72 26 74 30 79 29 87 28 90 15 96 27 99 3 100 13 101 22 105 21 108 27 122 23 123 21 124 27 133 24 138 27 139 24 145 15 147 23 155 9 159 27 160 30 168 27 172 24 173 17 176 18 181 15 186 29 196 7 200 0 202 30 213 0
1 10 6 19 9 22 21 28 36 0 37 17 38 23 45 24 46 30 61 21 68 13 74 24 77 13 79 15 85 17 86 29 98 25 111 22 113 27 125 15 130 21 140 28 149 23 152 14 155 30 158 19 164 30 175 27 183 22 185 24 187 27 196 24 197 22 198 19 201 10 202 23 214 0 215 27 228 0 236 17 237 0
3 1 4 17 6 19 10 30 20 28 33 30 48 23 54 15 60 10 62 19 64 11 70 23 78 13 79 30 82 28 89 29 97 0 98 21 99 24 104 21 105 26 118 29 124 24 130 27 135 24 137 12 138 8 140 27 141 18 143 22 147 18 150 22 155 28 156 22 158 21 159 30 179 14 181 26 184 14 185 21 189 19 190 30 195 0
3 11 8 8 14 11 18 29 31 19 35 24 36 21 43 10 49 29 62 13 66 26 72 18 75 11 77 10 78 28 90 26 96 23 97 27 103 29 106 26 109 29 118 7 126 4 127 0 128 23 131 8 133 21 144 23 149 19 150 23 153 20 154 19 159 0 162 28 168 21 174 29 180 23 184 10 188 14 189 19 192 22 199 27 214 0
1 18 7 9 8 0 12 22 17 25 19 22 23 19 24 26 32 8 40 1 44 24 47 25 54 27 75 13 85 25 93 26 106 29 109 26 113 1 114 11 116 19 119 29 127 27 129 19 143 14 144 6 151 28 158 18 161 20 163 28 178 27 189 0 191 12 205 0
1 17 7 22 17 25 21 27 30 0 31 24 36 25 40 29 54 24 67 30 75 22 76 20 81 26 92 23 94 0 95 20 100 24 102 28 110 19 111 29 120 24 123 25 127 27 139 20 141 29 146 21 154 30 165 19 168 13 171 28 175 21 176 27 179 0 180 11 184 6 191 11 193 14 194 21 201 16 206 25 214 7 215 5 221 0
1 24 2 29 9 30 18 25 23 2 29 24 33 0 35 27 44 26 46 29 51 26 56 19 57 30 63 21 74 28 87 21 94 11 97 14 98 19 101 30 115 28 116 30 126 22 128 29 141 2 142 18 148 20 151 28 153 27 165 24 166 30 172 6 175 22 182 25 185 26 187 28 188 26 191 28 197 0 198 19 212 0
2 22 3 0
1 6 7 30 15 28 19 0 20 17 27 28 37 26 40 21 43 20 45 30 47 20 48 30 51 25 55 4 57 14 61 27 63 7 64 30 70 24 71 25 79 27 88 4 91 16 101 18 104 22 105 27 109 29 122 17 123 28 134 24 139 22 145 28 154 30 161 26 165 22 168 24 173 28 186 20 192 23 199 14 201 15 203 30 217 0
2 12 21 0
1 15 3 22 5 0 10 6 20 18 22 19 26 27 30 30 32 27 38 17 39 19 47 29 60 23 65 29 67 23 68 27 70 29 71 27 72 21 73 11 75 21 82 27 97 26 107 16 113 22 120 19 122 26 127 27 138 29 158 28 163 29 169 28 171 0 173 5 175 9 176 23 189 30 192 21 193 13 203 5 206 0
1 25 16 0 20 16 21 19 28 20 31 27 32 20 35 26 36 28 41 19 42 30 53 25 56 20 57 19 58 28 60 30 63 28 64 20 65 16 67 28 72 20 82 21 92 20 98 19 101 21 108 24 111 8 114 22 116 23 117 7 120 8 125 0 126 25 127 10 130 0 132 20 133 24 134 20 136 23 138 30 146 29 148 23 151 12 153 28 162 20 164 28 177 24 187 14 195 17 209 0
3 2 5 21 8 27 10 21 11 2 15 24 21 21 26 26 27 21 30 27 39 19 40 12 43 15 50 9 53 7 55 0 57 17 66 22 68 27 83 10 85 14 89 10 90 24 99 19 102 29 106 18 108 27 113 18 116 11 118 4 119 6 120 20 130 17 140 13 144 19 147 20 149 13 156 26 160 16 161 24 165 26 177 28 180 26 185 21 187 25 199 20 202 25 208 29 220 0 225 18 231 0
3 10 12 28 24 24 25 13 29 22 30 13 37 5 41 23 43 24 57 23 58 22 59 23 72 28 79 30 81 26 82 19 84 26 92 25 103 14 111 30 122 19 123 23 136 21 143 27 146 16 152 18 160 26 175 22 176 29 180 27 194 25 203 28 211 0
1 29 11 4 13 16 24 9 25 19 29 25 35 19 38 29 45 17 46 0 47 19 56 26 71 24 76 27 92 28 104 20 105 30 106 20 107 22 112 20 113 15 115 12 120 10 123 23 137 22 146 28 156 7 158 17 160 7 161 8 171 30 177 11 179 13 180 28 192 30 201 25 203 17 205 16 207 11 209 5 211 0
1 2 2 4 4 5 5 4 6 0 7 3 11 2 13 7 15 3 17 0
3 21 17 4 20 18 28 24 37 22 41 29 46 21 49 24 50 23 51 18 56 3 57 15 58 28 68 25 71 24 73 9 77 12 78 19 79 26 87 28 93 24 100 25 109 15 110 27 116 30 120 26 123 24 127 22 129 15 131 17 134 27 142 19 147 27 149 19 151 27 152 29 167 24 176 16 177 6 179 3 180 25 184 30 186 3 189 13 192 26 197 23 198 17 203 15 208 22 213 0
2 29 16 22 24 27 38 18 42 25 47 27 61 29 66 25 69 29 73 28 84 21 85 15 86 0 91 20 101 21 105 29 110 21 116 19 118 22 125 10 127 19 129 22 132 23 143 22 146 21 153 7 155 15 161 18 170 30 182 27 189 22 190 30 199 29 200 30 205 0 207 11 210 0 211 19 220 0
1 19 12 30 21 29 23 11 26 22 41 15 43 6 45 27 50 30 51 28 65 24 69 11 72 23 73 24 83 25 94 28 104 27 108 19 118 24 120 16 124 23 126 25 130 26 135 27 141 28 148 27 149 24 150 28 157 30 161 28 163 0 164 13 165 25 170 24 172 14 173 13 174 11 179 19 184 0 186 10 188 17 195 7 199 11 202 17 206 11 211 5 218 0
2 10 9 9 10 29 12 28 13 25 17 29 20 24 23 17 25 15 39 17 42 30 45 15 48 30 56 22 60 28 69 23 77 3 78 6 79 22 94 21 100 17 102 28 108 30 111 27 120 29 131 18 132 24 133 30 138 27 142 25 143 24 145 21 153 26 159 10 162 29 174 28 182 8 183 7 188 1 189 30 195 20 197 26 198 20 199 24 208 0
3 22 7 0 11 7 14 12 15 28 29 21 40 28 43 13 45 9 48 16 57 24 63 29 77 19 78 15 83 0 85 8 88 21 90 27 91 29 94 30 103 26 104 28 107 21 109 29 118 30 132 21 138 15 139 14 142 17 143 28 155 27 162 28 165 27 166 7 167 26 168 7 172 13 173 7 174 24 177 9 179 20 184 1 185 11 186 1 187 27 191 30 206 0
1 13 8 0 9 20 11 0 12 25 20 12 21 28 27 12 28 19 31 26 35 17 36 22 38 19 49 30 50 19 51 18 57 23 63 24 69 29 71 9 72 12 77 29 81 21 85 5 87 29 92 14 94 22 96 14 97 18 102 12 103 15 105 22 122 25 131 26 133 22 138 29 142 22 146 20 149 26 155 15 156 16 164 11 165 2 166 28 179 16 180 24 183 28 186 30 189 24 194 22 198 27 205 24 206 27 207 24 213 0
2 11 12 14 13 9 16 30 29 14 31 27 33 21 40 30 48 5 49 4 55 7 61 11 70 26 98 28 102 25 112 26 120 30 145 0 146 22 154 24 166 28 196 10 200 21 201 10 204 29 213 11 216 18 220 11 223 0
2 30 4 0 7 11 16 3 18 30 30 22 31 28 41 27 45 28 51 15 60 14 64 19 67 29 70 26 76 30 82 26 83 25 91 30 106 29 111 27 114 14 118 3 121 23 127 27 133 23 135 16 136 30 151 28 157 15 160 30 168 25 172 24 177 0 178 9 182 23 196 0 198 18 212 0
2 20 8 19 12 0 13 24 16 0 17 26 20 30 32 10 35 9 36 4 41 30 56 25 60 30 61 25 67 29 71 19 72 30 77 24 80 30 88 24 101 21 103 19 104 26 120 30 125 15 130 30 134 27 135 19 136 8 139 24 145 30 157 8 158 29 161 19 166 8 167 3 170 20 172 24 174 20 180 14 185 24 191 29 200 24 208 2 216 0
1 2 2 4 4 5 5 4 6 0 7 3 11 2 13 7 15 3 17 0
2 12 8 0 9 23 16 24 17 29 30 27 35 20 37 22 42 17 44 21 55 5 56 13 58 17 64 30 71 27 74 11 77 28 91 26 101 30 103 22 104 27 113 24 117 0 119 17 128 28 137 16 142 25 147 28 150 13 151 26 154 13 161 12 162 24 163 22 167 29 176 4 177 2 179 0 182 11 183 30 192 11 195 19 196 21 197 24 200 26 205 24 210 20 213 0 215 17 218 0
2 8 8 5 9 0 12 19 21 16 22 24 23 26 24 24 26 30 27 25 30 19 35 22 39 24 40 22 47 28 50 30 56 28 58 18 61 15 62 26 68 23 69 9 71 25 72 14 76 20 77 30 81 0 82 22 90 24 97 23 101 30 102 23 104 1 106 16 114 0 115 19 116 24 120 22 121 29 132 20 138 17 148 11 150 16 155 19 168 9 170 29 173 24 175 9 180 14 188 15 193 16 195 15 198 9 200 0 204 4 212 0
2 28 7 30 14 13 15 29 25 25 26 26 30 6 35 8 36 21 37 30 59 29 67 27 68 21 70 29 79 25 84 29 97 23 98 26 108 23 109 17 113 24 122 29 128 30 141 12 142 26 147 6 149 3 150 5 151 12 155 23 162 25 175 22 179 20 180 23 181 20 188 22 190 21 193 30 207 29 213 0
2 25 5 27 9 25 11 28 19 4 22 25 36 10 37 28 40 30 45 16 51 17 53 20 61 8 62 10 63 13 66 21 72 26 74 30 77 26 84 15 88 27 90 28 93 17 96 24 99 25 102 24 110 15 113 7 115 5 116 26 118 28 120 26 121 9 124 21 130 19 133 26 135 19 140 27 142 16 146 15 150 3 152 12 156 14 159 20 160 28 172 29 173 30 184 26 185 23 192 16 196 14 200 26 204 14 208 0
1 24 5 0 6 25 18 16 24 24 38 27 40 28 55 19 58 24 61 20 69 18 71 17 72 7 73 25 86 28 91 23 98 24 101 21 106 15 109 19 113 24 119 22 128 20 135 21 141 28 153 30 158 13 159 10 160 11 165 19 167 27 172 29 174 27 177 25 178 7 179 22 185 23 192 28 198 23 200 16 206 0 210 30 214 0
2 22 3 0
2 27 15 10 16 19 22 25 25 19 26 6 34 12 35 29 50 28 52 11 56 30 71 26 82 18 91 14 96 28 102 7 104 13 105 16 107 30 120 29 121 28 127 27 140 26 142 24 143 19 145 30 152 22 157 13 159 23 160 29 175 28 177 27 186 14 192 27 200 5 203 9 208 0 210 7 212 11 218 7 222 0
1 12 2 0 5 27 12 16 19 14 21 25 24 28 26 29 38 25 40 30 41 25 47 22 50 12 60 19 64 30 69 22 77 25 78 30 83 25 84 30 92 27 94 30 97 27 98 6 99 27 112 22 115 28 121 25 129 22 134 12 138 16 141 19 145 25 150 26 155 29 160 26 164 30 177 20 178 23 183 22 187 30 200 15 213 0
3 6 4 28 15 30 21 28 24 22 37 25 46 23 57 29 64 30 76 25 84 20 86 30 91 21 99 11 101 13 107 15 114 25 115 28 116 25 122 22 124 28 127 26 138 21 139 29 154 6 155 7 156 20 158 30 163 20 166 29 179 17 184 18 191 23 197 26 212 25 216 0 219 10 220 18 222 10 223 0 224 21 229 0
1 23 4 0 6 25 11 19 13 25 28 0 29 13 30 24 34 30 37 24 42 21 43 19 52 10 58 6 62 0 63 28 72 26 83 25 85 28 90 11 91 28 93 17 98 19 103 17 105 10 107 13 114 21 115 27 116 28 122 30 133 13 136 17 144 29 167 20 169 15 172 30 174 27 179 28 190 26 199 9 200 2 201 23 203 11 214 0
3 7 10 0 12 3 13 30 20 29 25 26 33 25 42 23 45 19 48 29 55 27 62 28 75 25 80 26 81 28 95 27 97 14 99 25 100 27 104 29 115 27 116 13 117 12 121 30 136 19 137 5 138 29 146 28 149 30 150 20 151 29 163 23 165 19 172 20 178 5 179 25 187 21 190 28 194 30 209 2 215 0
2 27 7 0 9 24 17 16 18 7 19 3 20 0 22 19 29 21 30 27 36 29 49 9 50 30 61 28 67 25 73 26 85 20 89 21 91 24 92 27 99 24 105 26 117 0 118 1 120 21 121 25 132 26 134 28 141 30 145 21 146 28 147 12 152 9 153 10 165 17 168 24 172 30 179 27 190 26 203 20 204 23 213 0
3 2 4 22 8 0 11 4 13 18 18 29 19 18 21 11 27 19 33 17 36 23 39 20 44 25 46 20 49 11 50 23 54 18 55 22 60 18 67 27 68 12 74 29 77 25 92 23 95 24 98 27 107 30 110 28 123 25 132 13 133 2 136 0 137 19 141 24 163 19 165 27 176 26 194 27 208 0
1 18 4 0 6 7 7 16 13 14 21 25 23 27 26 22 33 0 36 29 45 14 46 30 49 27 55 22 56 27 61 20 65 25 74 30 94 27 96 18 98 27 102 18 103 23 104 29 105 23 109 25 120 20 121 6 122 26 134 30 137 16 142 18 143 28 153 20 165 23 175 19 176 16 178 28 179 16 181 18 188 23 202 19 204 11 205 0 206 23 209 0
2 9 8 0 12 1 15 20 17 26 31 25 43 16 44 24 45 30 53 26 58 28 59 29 67 17 71 6 72 26 83 14 85 28 98 25 105 11 108 12 109 28 118 27 126 19 127 13 130 27 142 30 164 15 166 20 175 23 177 20 180 3 183 0 187 2 189 14 191 15 197 14 199 0 201 11 202 28 210 11 218 5 221 8 226 30 241 2 247 0
1 17 3 0 4 27 7 5 9 0 10 15 16 25 31 20 32 28 42 29 45 28 47 27 48 24 52 26 59 30 66 22 71 21 75 24 76 26 82 28 85 17 87 21 88 22 94 0 95 28 99 30 105 13 111 15 115 26 121 8 123 21 126 24 136 18 138 28 157 27 161 29 164 30 168 29 175 27 178 12 181 22 184 28 189 23 190 22 193 6 195 7 197 30 203 11 218 0
2 12 21 0
2 3 5 5 12 19 23 17 25 26 34 25 38 23 43 30 57 28 63 24 70 27 79 14 81 23 86 15 87 24 95 21 102 26 110 30 119 18 122 12 125 27 139 10 140 11 142 14 143 17 148 14 152 23 160 22 165 25 167 30 171 22 180 27 189 25 194 30 207 21 209 20 210 13 215 0
2 26 12 27 27 17 31 12 35 1 36 3 39 18 40 26 47 17 49 15 53 23 54 25 66 19 68 21 71 30 85 19 89 25 97 30 101 25 104 0 106 17 108 25 111 26 119 30 129 23 137 22 143 21 146 13 151 27 153 28 167 24 172 21 178 25 179 26 180 25 181 30 193 20 195 26 197 22 199 19 205 15 214 0 215 14 220 0
1 5 7 0 12 13 15 22 19 28 34 27 39 29 40 27 41 29 43 12 49 13 51 23 52 30 53 23 59 26 68 28 76 25 85 26 87 20 91 25 96 29 101 28 104 23 105 17 108 8 110 21 117 26 122 21 123 13 126 20 130 5 132 6 134 14 142 24 147 22 148 30 152 26 159 20 172 0 174 26 185 22 189 23 192 8 196 6 197 11 201 0
1 7 8 24 14 26 24 24 25 28 33 20 42 27 53 23 62 21 63 0 64 22 69 9 72 27 87 25 89 30 91 19 99 23 100 29 113 30 125 15 127 23 134 22 135 29 151 22 156 16 158 18 165 24 169 18 172 1 174 26 175 27 193 25 197 19 199 24 211 0
2 28 11 17 18 7 20 0 22 22 25 14 27 20 36 26 37 29 47 12 50 17 55 20 56 29 65 20 68 14 69 24 72 19 75 5 76 18 79 3 81 11 85 27 89 15 96 30 102 21 106 28 115 19 124 15 125 22 129 30 133 28 138 13 139 7 143 15 149 6 151 30 157 24 165 22 174 7 175 26 185 24 190 30 199 5 202 0
2 27 7 22 9 21 18 0 20 21 26 23 28 26 29 27 42 15 54 13 57 14 58 30 73 22 75 19 80 26 103 27 117 26 124 20 126 29 131 0 132 27 135 9 138 20 141 30 147 24 152 16 154 17 161 20 170 30 175 15 176 26 180 20 185 29 193 28 206 0
1 14 2 19 10 30 11 19 14 14 15 12 18 26 23 6 26 28 36 6 37 29 50 19 55 18 58 13 59 6 62 4 64 26 68 25 71 15 74 29 83 14 89 20 92 23 106 7 108 9 109 23 110 9 119 7 120 29 124 30 137 26 140 21 141 18 146 28 161 23 163 30 173 20 186 28 189 30 202 29 203 27 211 0
1 4 6 0 7 21 14 18 15 22 25 0 27 30 36 23 38 19 39 16 47 11 50 28 51 11 54 16 56 30 67 18 69 26 73 30 75 26 76 0 77 20 80 23 88 9 91 19 98 30 111 25 113 26 125 24 136 20 139 18 141 27 143 21 144 18 147 22 150 30 153 26 160 22 162 1 164 9 167 1 170 20 178 23 183 24 187 26 195 22 202 27 205 28 208 29 218 0 220 3 231 0
3 3 7 0 11 30 26 20 29 16 31 25 33 29 39 27 43 30 46 28 54 27 58 28 66 24 68 25 72 24 76 27 78 30 92 26 104 10 105 11 108 29 121 28 130 25 137 18 142 19 143 28 148 30 156 23 158 21 160 26 168 8 170 21 174 12 175 8 178 17 181 26 187 27 200 23 202 0 204 17 209 0
2 11 10 29 11 15 15 25 18 15 19 0 22 12 24 13 30 15 36 28 41 23 49 25 58 30 70 28 84 16 88 26 92 13 93 19 108 16 109 18 111 30 112 18 115 16 116 26 128 30 136 7 138 21 142 12 149 28 162 26 168 24 179 23 186 12 193 20 197 15 212 5 213 0
3 14 7 15 14 14 16 13 19 15 22 17 25 30 37 26 42 23 46 27 48 30 63 21 66 29 69 21 73 7 76 30 82 7 86 12 87 20 88 12 90 18 91 21 93 28 96 29 107 27 108 19 110 15 114 13 116 29 131 21 138 26 139 28 142 26 148 28 149 26 155 29 164 26 174 29 186 28 194 27 203 3 204 0 209 17 214 0
1 27 9 0 10 2 12 8 16 23 23 8 24 19 39 16 46 21 56 16 60 20 61 27 66 30 81 27 86 30 96 27 97 28 99 30 114 29 118 17 126 23 141 20 142 28 145 20 155 21 160 28 165 21 169 15 175 21 177 26 187 21 188 4 189 25 190 28 204 0
1 27 3 0 5 2 6 19 31 25 38 30 41 28 42 11 45 1 47 22 50 19 52 21 60 27 68 29 72 27 75 7 79 16 80 30 89 14 90 25 92 29 115 15 118 28 119 15 120 19 126 14 131 25 134 30 136 25 137 30 146 29 150 30 152 16 155 30 163 10 168 7 171 0 175 18 179 22 180 29 187 22 191 20 196 12 205 0
3 3 4 13 8 18 12 13 14 17 23 19 31 28 34 29 35 28 39 22 41 0 42 15 43 25 52 23 53 20 60 29 70 18 74 23 80 18 82 17 83 0 87 3 88 1 89 0 90 15 91 0 92 10 94 0 96 19 105 23 106 26 116 25 117 24 126 23 130 29 136 30 149 23 152 13 153 30 157 11 160 22 168 12 169 26 180 20 183 22 184 27 191 23 193 24 204 20 207 0
2 15 5 9 7 28 18 5 21 16 39 14 42 25 46 27 49 25 73 17 78 28 93 29 98 19 103 29 113 11 115 23 121 12 123 27 135 12 137 19 139 24 143 25 155 26 166 10 168 12 169 29 170 17 172 22 180 24 194 29 204 28 209 0
2 12 9 2 10 21 14 28 18 0 19 1 21 30 33 24 38 27 50 11 51 29 54 26 68 6 72 26 78 18 81 25 87 27 93 9 98 23 109 28 112 30 118 26 125 28 137 17 138 26 140 27 141 30 146 27 147 29 162 27 163 29 176 27 182 29 185 22 189 16 195 22 196 30 202 22 204 16 207 0 208 18 221 0 225 15 229 0