M 09:00:00 0105 40 0106 60 0202 35 0203 55 0304 20 0305 30 0307 75 0308 45 0401 90 0403 35 0406 60 0408 80 0503 60 0506 25 0508 50 0604 30 0607 50 0706 90 0707 40 0708 5 0710 50 0802 95 0803 5 0807 25 0906 70 0910 15 1001 70 1006 20
Q 09:01:10 0101 35 0103 80 0108 35 0109 80 0301 75 0304 30 0405 80 0501 55 0502 30 0505 80 0601 25 0606 50 0710 5 0802 15 0805 5 0904 90 0906 20 1002 60 1004 10 1008 35 1009 25
Z 09:02:20 0107 15 0203 85 0207 25 0209 30 0301 75 0303 10 0308 5 0401 90 0404 15 0501 70 0602 75 0603 50 0607 65 0701 5 0702 40 0703 85 0704 40 0805 50 0909 60 0910 50 1004 80 1006 15
Y 09:03:20 0104 80 0106 95 0110 55 0201 60 0206 85 0208 95 0304 75 0305 65 0306 35 0309 50 0310 55 0402 90 0407 95 0408 10 0510 50 0602 15 0606 35 0608 90 0610 40 0702 15 0804 80 0809 30 0902 95 1005 15
T 09:04:00 0101 10 0102 25 0109 95 0201 70 0204 85 0301 30 0304 20 0308 20 0404 75 0405 90 0410 60 0503 10 0509 15 0510 80 0606 40 0608 20 0703 30 0706 90 0808 80 0901 60 0908 40 0909 20 1004 20
K 09:05:10 0106 5 0306 35 0309 70 0310 60 0407 90 0408 45 0504 50 0505 25 0510 60 0607 25 0609 10 0702 70 0708 5 0710 35 0803 95 0806 95 0807 70 0808 90 0902 35 0905 35 0906 85 1008 90
I 09:06:00 0101 50 0102 75 0107 55 0209 90 0307 10 0308 60 0309 45 0401 10 0407 20 0501 20 0510 85 0604 80 0703 15 0707 80 0708 45 0710 10 0806 60 0901 20 0904 65 1005 60
B 09:06:30 0103 55 0204 5 0205 95 0209 80 0305 30 0307 20 0308 15 0309 5 0501 15 0502 50 0506 40 0601 75 0602 25 0703 55 0705 25 0802 60 0803 65 0903 60 0905 65 1004 75
N 09:07:15 0101 75 0103 65 0106 50 0108 50 0306 5 0310 90 0403 20 0501 40 0502 55 0510 85 0701 45 0703 30 0706 95 0707 35 0709 70 0809 65 0810 40 0902 80 0905 60 0910 25 1001 50 1003 25
U 09:07:20 0101 30 0106 25 0110 65 0304 75 0308 10 0405 40 0406 60 0501 55 0502 50 0506 45 0605 20 0606 50 0609 5 0610 15 0703 10 0704 65 0706 80 0803 5 0804 75 0809 45 0810 55 0906 80 0909 65 0910 70 1005 75
F 09:07:35 0101 95 0102 25 0107 80 0207 85 0209 60 0306 40 0308 15 0410 90 0502 15 0508 20 0603 45 0604 30 0609 20 0702 65 0710 45 0805 75 0901 25 0902 85 0907 30 0908 85 0909 5 0910 90 1004 40 1006 30
V 09:08:45 0209 75 0210 55 0302 80 0303 25 0305 35 0401 55 0501 5 0506 40 0507 95 0606 60 0608 40 0702 75 0704 55 0709 45 0804 5 0805 40 0810 90 0901 65 0905 50 1002 90
L 09:09:20 0101 25 0105 75 0201 65 0202 20 0207 35 0210 85 0303 80 0305 85 0307 85 0409 85 0501 80 0508 85 0601 35 0602 5 0603 85 0609 45 0701 20 0710 45 0801 60 0804 15 0806 35 0808 75
H 09:10:40 0106 60 0210 15 0306 75 0308 40 0309 5 0402 20 0405 35 0502 5 0503 25 0509 5 0606 85 0607 55 0703 80 0704 15 0707 80 0805 10 0809 60 0906 50 1002 15 1004 70 1005 5
D 09:11:30 0201 45 0204 5 0205 95 0206 65 0302 90 0303 60 0306 15 0308 90 0310 65 0401 85 0408 90 0409 20 0501 25 0508 35 0703 45 0707 20 0710 85 0803 85 0810 40 0902 80 0903 10 0910 70 1001 95 1009 95 1010 20
C 09:11:40 0204 90 0206 5 0308 75 0309 90 0403 45 0406 90 0501 65 0503 75 0509 10 0602 60 0605 80 0607 70 0608 45 0610 35 0701 20 0710 35 0801 50 0808 10 0901 75 0903 85 0907 95 0909 80 0910 50 1002 65
X 09:11:55 0101 85 0103 95 0109 70 0204 65 0206 70 0305 80 0306 10 0404 90 0405 80 0407 80 0501 30 0504 80 0506 45 0604 50 0605 95 0608 75 0610 80 0803 75 0804 90 0805 90 0808 50 0907 65 0908 65 1005 80 1008 60
A 09:12:55 0109 15 0110 60 0201 60 0206 10 0209 35 0306 15 0307 45 0403 75 0407 5 0409 25 0504 40 0505 20 0604 90 0607 95 0610 10 0804 95 0807 25 0808 45 0810 55 0905 45 0908 55 0909 20 1003 15 1009 20
R 09:14:00 0102 85 0105 95 0106 50 0208 25 0302 80 0401 55 0503 30 0508 5 0509 15 0702 95 0708 20 0801 45 0803 90 0808 65 0810 65 0903 90 0905 85 0907 35 1001 35 1006 55 1008 55 1010 95
O 09:15:20 0101 75 0105 15 0204 95 0205 65 0209 30 0304 10 0403 35 0407 35 0505 25 0506 90 0508 45 0509 95 0607 25 0608 70 0702 85 0801 10 0804 5 0904 55 0906 10 0907 15 1010 15
J 09:16:20 0101 50 0107 40 0109 90 0202 70 0205 35 0209 30 0301 25 0310 40 0402 15 0404 60 0405 10 0408 60 0502 70 0504 95 0507 60 0508 90 0607 65 0701 85 0702 70 0707 75 0901 10 0905 60 1009 45
S 09:17:30 0202 60 0205 20 0208 55 0302 10 0303 95 0304 30 0306 30 0307 80 0402 10 0407 35 0409 80 0503 90 0509 20 0510 35 0601 30 0602 60 0608 70 0702 90 0709 80 0801 95 0807 45 0905 75 0906 20 0907 65 0908 80 0909 85 1001 40 1006 50
E 09:18:30 0103 95 0109 80 0202 35 0203 90 0204 95 0208 65 0209 45 0306 10 0308 85 0403 35 0404 80 0406 5 0503 5 0507 5 0605 55 0610 45 0704 30 0710 60 0806 70 0809 15 0909 5 1001 60 1003 70 1010 50
G 09:19:05 0102 50 0108 5 0202 85 0203 30 0306 95 0307 20 0404 35 0406 70 0607 70 0703 60 0708 45 0709 80 0806 65 0807 30 0901 40 0902 90 0903 80 0905 90 0908 80 0909 50 1002 70 1006 85
P 09:20:25 0107 20 0202 95 0203 85 0208 5 0209 35 0307 25 0310 95 0408 15 0507 75 0602 5 0603 95 0604 45 0609 95 0701 70 0702 15 0705 25 0707 40 0710 85 0805 95 0806 75 0902 40 0904 60 0907 25 0910 30
W 09:21:15 0107 85 0201 95 0203 60 0204 70 0207 95 0301 95 0302 25 0309 25 0406 35 0501 15 0503 65 0604 20 0702 5 0706 55 0707 55 0709 75 0710 80 0904 65 0907 35 0909 70 1001 85 1003 80 1006 60