S 09:00:00 0102 10 0108 35 0202 60 0309 55 0404 80 0409 85 0410 40 0503 25 0603 35 0702 95 0707 90 0708 30 0801 40 0803 60 0805 20 0809 30 0906 40 1003 20 1004 55 1007 5
V 09:00:40 0101 50 0104 15 0106 10 0110 60 0205 15 0206 50 0208 15 0403 35 0405 45 0407 75 0408 40 0409 20 0508 45 0602 15 0606 10 0608 70 0609 50 0710 65 0807 75 0809 30 0901 30 0904 80 0905 70 1004 45 1009 55
I 09:01:25 0103 65 0203 45 0205 70 0402 5 0405 10 0503 65 0510 25 0602 65 0603 35 0606 35 0609 35 0610 30 0701 25 0702 5 0707 40 0806 35 0910 40 1005 25 1009 95 1010 25
B 09:02:40 0101 85 0103 80 0104 95 0206 75 0305 65 0307 65 0308 20 0310 15 0401 40 0405 50 0406 80 0409 60 0410 90 0508 55 0509 75 0602 40 0606 80 0608 45 0702 55 0807 20 0904 55 0909 95 1003 10 1005 10 1007 50
N 09:03:20 0104 35 0109 45 0207 20 0305 80 0510 65 0607 35 0608 45 0701 50 0702 80 0705 40 0706 90 0805 85 0808 30 0809 5 0901 5 0902 90 0908 60 1006 45 1007 45 1009 25
X 09:04:20 0109 50 0110 90 0202 65 0204 30 0206 95 0207 10 0301 80 0309 95 0403 5 0407 10 0506 10 0508 20 0601 60 0603 60 0706 90 0707 25 0710 50 0801 40 0807 40 0810 65 0902 85 0904 50 1003 85 1006 50
H 09:05:15 0105 60 0106 40 0202 55 0206 20 0209 55 0210 90 0304 65 0307 95 0308 30 0404 65 0408 75 0501 95 0502 10 0601 75 0602 45 0603 50 0605 90 0608 55 0704 20 0705 60 0807 45 0808 80 0904 45 0905 40 1004 65 1007 20 1009 25
Y 09:06:40 0104 40 0108 35 0204 15 0209 60 0305 25 0306 5 0307 10 0404 20 0407 30 0409 25 0501 10 0504 10 0509 65 0603 90 0605 15 0610 5 0708 80 0805 25 0808 85 0901 75 0903 65 0904 45 1006 50
C 09:07:15 0101 20 0110 30 0205 25 0206 10 0209 35 0304 90 0308 20 0309 30 0310 10 0402 75 0403 50 0404 5 0408 40 0501 90 0508 5 0603 95 0605 65 0610 75 0704 25 0801 15 0805 20 0807 35 0809 95 1008 50
K 09:08:10 0104 75 0203 5 0204 90 0301 30 0401 40 0403 80 0409 45 0502 90 0601 70 0606 10 0608 40 0610 60 0701 5 0703 70 0710 70 0803 20 0809 65 0906 70 0908 95 1003 90 1004 40 1005 30 1006 5
A 09:09:30 0108 75 0301 15 0401 85 0502 80 0601 35 0603 80 0605 15 0606 95 0610 20 0704 5 0706 45 0707 10 0709 25 0804 75 0805 40 0902 85 0903 25 1002 85 1005 20 1006 35
U 09:09:55 0105 70 0110 40 0206 30 0209 40 0301 45 0303 90 0308 80 0404 95 0405 45 0408 55 0504 90 0506 95 0604 15 0608 20 0703 20 0710 35 0803 25 0804 95 0806 35 0810 75 0908 85 0909 65 1010 85
M 09:11:05 0203 95 0207 60 0301 15 0404 65 0407 30 0409 5 0410 85 0503 50 0604 30 0703 30 0704 25 0705 60 0805 50 0807 55 0808 90 0810 50 0901 80 0904 55 0906 75 0908 90 0910 95 1002 85 1008 50 1010 50
R 09:12:20 0103 85 0104 95 0107 75 0201 25 0207 65 0209 90 0302 85 0303 75 0304 85 0306 10 0307 55 0308 25 0310 85 0409 55 0503 85 0509 35 0602 70 0707 30 0708 25 0806 65 0903 90 0904 65
J 09:13:10 0104 65 0106 40 0203 40 0204 65 0210 80 0304 95 0310 20 0403 50 0406 75 0501 90 0503 25 0601 45 0603 40 0607 50 0709 85 0802 80 0809 40 0902 70 0908 30 1004 65 1005 55
L 09:13:35 0102 90 0103 95 0107 45 0302 30 0307 5 0402 20 0404 45 0408 60 0508 85 0605 90 0607 75 0608 10 0702 80 0705 20 0709 85 0806 55 0807 85 0808 55 0901 5 0904 45 0906 60 0909 65 0910 5 1002 60 1003 75
P 09:14:30 0102 35 0108 15 0208 70 0302 95 0401 45 0404 85 0405 55 0407 95 0504 80 0506 75 0510 90 0601 30 0702 10 0703 40 0704 80 0709 35 0805 45 0806 45 0807 15 0903 35 0907 45 0910 90 1003 90 1009 35
D 09:15:50 0106 85 0107 85 0110 20 0204 15 0208 55 0209 80 0210 40 0303 5 0308 75 0406 50 0409 10 0505 5 0508 95 0510 55 0603 50 0703 30 0705 45 0706 50 0806 10 0808 70 0809 60 0906 40 0910 60 1005 50
E 09:17:05 0102 65 0104 65 0106 15 0107 10 0108 55 0202 15 0206 45 0301 55 0309 75 0404 50 0407 5 0505 85 0509 25 0510 45 0610 25 0706 95 0802 10 0807 45 0808 70 0904 20 1006 65
G 09:17:25 0105 15 0110 85 0209 50 0302 95 0303 20 0306 40 0402 40 0405 95 0502 65 0505 80 0506 55 0508 40 0606 85 0608 65 0702 45 0804 80 0806 40 0905 70 0909 85 1002 75 1009 5
Q 09:18:35 0205 60 0209 85 0302 70 0306 90 0307 50 0308 90 0406 15 0509 85 0510 15 0601 35 0607 95 0608 95 0609 30 0701 50 0702 90 0707 50 0708 45 0802 25 0804 20 0805 5 0810 65 0904 85 0908 55 1002 45 1003 80 1008 30
T 09:19:20 0107 75 0108 45 0205 20 0206 65 0209 85 0303 80 0304 55 0306 70 0401 55 0408 55 0409 65 0502 10 0504 10 0607 85 0608 60 0610 85 0701 95 0802 75 0804 95 0904 5 0907 40 1001 85 1004 30 1010 25
Z 09:20:10 0102 65 0103 90 0106 35 0107 45 0201 60 0204 15 0210 20 0301 95 0303 90 0304 75 0401 35 0406 75 0503 75 0504 40 0508 65 0603 5 0609 80 0802 30 0902 25 0903 70 1002 20 1004 60 1006 85
W 09:20:55 0101 30 0102 25 0110 60 0201 55 0206 25 0207 85 0304 85 0405 10 0407 25 0506 50 0508 10 0602 90 0608 55 0609 55 0610 45 0707 60 0708 75 0801 10 0806 10 0807 5 0906 20 0910 65 1002 30 1003 65 1005 35 1006 30
F 09:21:55 0102 45 0103 10 0105 90 0202 95 0203 80 0304 10 0305 55 0308 60 0309 5 0310 95 0403 30 0406 55 0407 75 0408 65 0603 60 0702 95 0706 75 0803 65 0806 10 0907 95 0909 70 0910 30 1008 40
O 09:22:30 0103 50 0104 80 0206 70 0210 15 0302 30 0304 60 0305 75 0308 90 0401 75 0404 45 0408 75 0504 10 0507 40 0601 40 0604 30 0606 75 0707 80 0709 90 0901 60 0908 30 1001 75 1010 75