B001 25.29;15.15 25.29;40.16 36.01;40.16 36.01;22.29 43.16;22.29 43.16;15.15 25.29;15.15
B002 25.29;40.16 25.29;50.88 61.02;50.88 61.02;33.01 50.30;33.01 50.30;40.16 25.29;40.16
B003 50.30;33.01 61.02;33.01 61.02;15.15 43.16;15.15 43.16;22.29 50.30;22.29 50.30;33.01
B004 25.29;58.02 25.29;79.46 36.01;79.46 36.01;58.02 25.29;58.02
B005 43.16;79.46 61.02;79.46 61.02;72.31 50.30;72.31 50.30;65.17 61.02;65.17 61.02;58.02 43.16;58.02 43.16;79.46
B006 71.74;68.74 82.46;79.46 103.90;58.02 93.18;47.30 86.03;54.45 93.18;61.60 86.03;68.74 78.89;61.60 71.74;68.74
B007 75.31;43.73 82.46;43.73 89.61;36.58 89.61;33.01 82.46;33.01 82.46;25.87 89.61;25.87 89.61;22.29 82.46;15.15 75.31;15.15 75.31;43.73
B008 100.33;40.16 111.05;50.88 118.19;43.73 107.47;33.01 100.33;40.16
B009 96.75;22.29 111.05;22.29 111.05;15.15 96.75;15.15 96.75;22.29
B010 75.31;58.02 82.46;58.02 82.46;50.88 75.31;50.88 75.31;58.02

68.17;11.57 f1-4c-e1-75-28-4c;298.8108
53.88;11.57 f1-4c-e1-75-28-4c;317.7263
39.58;11.57 f1-4c-e1-75-28-4c;0.0000 77-f0-73-50-64-52;347.0926
25.29;11.57 f1-4c-e1-75-28-4c;42.2737 77-f0-73-50-64-52;10.6197
21.72;22.29 f1-4c-e1-75-28-4c;74.3578 77-f0-73-50-64-52;22.9887
21.72;36.58 f1-4c-e1-75-28-4c;117.4744 77-f0-73-50-64-52;47.1211
21.72;50.88 f1-4c-e1-75-28-4c;142.8533 77-f0-73-50-64-52;116.5651
21.72;65.17 77-f0-73-50-64-52;152.5924
21.72;79.46 77-f0-73-50-64-52;163.4127
36.01;83.03 ca-48-91-36-19-27;98.3257
50.30;83.03 ca-48-91-36-19-27;105.9454
64.60;83.03 ca-48-91-36-19-27;170.5377
78.89;83.03 ca-48-91-36-19-27;252.4744
93.18;83.03 ca-48-91-36-19-27;261.2538
103.90;72.31 17-0a-18-6e-c9-07;163.8557
111.05;65.17 17-0a-18-6e-c9-07;177.9546
121.76;54.45 17-0a-18-6e-c9-07;227.1211
121.76;40.16 17-0a-18-6e-c9-07;296.5651
121.76;25.87 17-0a-18-6e-c9-07;332.5924
121.76;11.57 17-0a-18-6e-c9-07;343.4127
107.47;11.57 17-0a-18-6e-c9-07;7.2750
93.18;11.57
78.89;11.57
68.17;15.15 f1-4c-e1-75-28-4c;293.0255
68.17;29.44 f1-4c-e1-75-28-4c;265.7108
68.17;43.73 f1-4c-e1-75-28-4c;240.1011 ca-48-91-36-19-27;355.3331
68.17;58.02 ca-48-91-36-19-27;352.1467
68.17;72.31 ca-48-91-36-19-27;336.0375